$ANSIBLE_VAULT;1.1;AES256
38393139323936353762316137393764363237373838353263313734393266353632613961353637
6330363536316635346434323933316564386135333263640a363935636139626461616334316339
38343963383137323264383831626638313331333239353936393362333632383165363664633039
6364313763636133620a383766393834643633373133633366386236636637653663393666326538
36666564333464613935343136646662366330323630653461376462343766386234653363623533
63613835373264373334356535396636646535346338383533393964363261356337386333623637
61333037383633626433383464326663623462333338336662353965313036386337393430303565
35623335303431386430363833353339656435346439386262666166303261323463366161666230
38633931353331306638313736373632323762376437633466346464306261336666393664316135
63336330343137306662353836336334323735383831613839343733333933383466303732366437
62393237313831646466363862316231633463343232383636363434383839653137376264376233
35333561353135363261336430386635666330323132633435373366376630653265366531353566
33613966653039373436313563633534623834356437643438323733363565333933343462663233
66353035663535353931633666366230326134323366643234356362366664663030313032376338
39386166353533613838663638373661316130376233323661653835343231353466333432363961
62376432353166366566663265333233306135656333326264643732303931343033353236393033
66353463366234326261663530653564336238623633393930353864366531613265643534623136
63363462366461623430653938323362643362326334653765306661663034313536316339333539
37643865386331326462343832373664356538336334393934663437313039623634323830643839
34656362613961346234323133346162653065323732656661303765633435326165636464363238
64653831626430333466306239386431386130373631386437333365346465303431373365613737
32326330663762626639353635333836303563333865353433336465306431326633616635656366
63616266643637616565663131646635333830336330383231623663656330643333353664613434
66323362633630393532376630613833613238396661613433343137323438326635313761306366
63336262633737373939653233626537613166366234313538376532363234373430666332633639
36613137343566646138316262346432626364363231633765393537323236363339636331373830
35343965383865613866366534376433653933386461356238336231396666373636616338323862
63663632333333383466386133356464366231396533663165376262326361613933353762393463
63356164613036616362333133393139356266373463343561313734333436663632336537346536
65393531313330613535346633316635323334343361613436383937326361303434353632333365
61663862373531386664653830613030633238633863663162383330353530623538646631393633
65313666393638353663356237313430333164353038633138633664353032626562636230666636
63666331636237383432396439663763616563373165346637666432373764383936353161613465
62396539306566656538316266636630373366396634636333376366623038353332616336303865
34343638646365333964633539306663396137356566333134313039646636383031376238396631
34376635633765373538656339663536336539353837633365353930616530626239373062363734
66636438666635313761356161643062393737306461663432666533346261643962636536353539
61303531313834633561386435343964306166396238623039653133626465366332363937393835
38376336616637306264333439643038386139666265323832623539646161333364383465633336
37346265313365303331333939313730663865663666633363353361316433366239323566383239
63336534636465393231393964666432316562306437656637623736393064306564333230623730
32613865613461643338336161356237336533353565623961353137626264656232386562303432
66373664326562346634353761636635376235343763386334383264653463666261666631613733
35393661383663353730343639316164356663613831646230343638336430396638336465653166
32316261623635336264386339316235313337336462663065663837366430313330616135653162
33636466373035303335623566316637313231613334313462313162633235613261633666613937
33643839663930376264353535386563656335306634613333386339313532346361396534386430
39626139313635323962356439633333653662386365633862613766396633336462653065336138
63383730343930393038633731616262366561623335363537663436363564376234383033393830
31373134646337346164633832616632373536303062666133663435666334313830373532656633
31343536373934356163343462396665623337616665613638666239353362393530653836396139
64626164353134633430356565306435326461326666333433623135316361633036396132343962
39323861623066373633613265336135643236356365376437356537663037363037323331306538
36623237306166313535393336373932633837303537646266663837343430373366373466323564
36623935346564646530653633323335653431323335646439616230613537656234353735396266
38313032326535616663333539656336303333383734363236666435313835323665343464653164
64613131373165656535623962336431353033366363386461336265666235303736383631393362
39636265333663633462663464313832323262353030383534386236306265356230366666353865
61613966633464383933313466303163393361336561636238313061393437626334646566396261
32646535666166623736643763653638643231613963626566623139666338613061366230656233
38316334646266613063643633336433376431393134356537333530386132613166636535656133
31363062373134623163663739383862666635393633396165333837323133653735343262636538
34363466633764333363313664303536336136613334666337376163396534626338646165306662
61306539626533626331663634663236623262643463323663323663383434363462363961326532
64633762353032336433356336343834633262333434373934323739383532363036653837393138
34366263386131373035633133303230363161666534383165393739633961666565343439613566
61666333393962633033656138643830316663386335353561346131653461313735343964653932
33393537393436366531323532643131633131613133633763383433373830616664373138393331
36623031626434336132326663346233623833663964396236303936333231383839623866316264
37313364343365333538653832623963363165656237336334306131626433346161353939343364
64653136633061313564626137353831653431323839303430376566313833633735666238386538
36326562346564393761393265663132343032313564656265316666326163363363353064313430
39633861366464643161373938376463383563653032653365336636383035356266366232336632
32316232663534623032623330383032656433623364616339623937303836366166366461396133
62383337643234373731353731363765326238353435353735356538623733366162663539666632
64636439396561653437376333636436616233626436643334393463376431656462646136613763
63393635626333333039303362613139356563343165386137346262383536643561656562396536
63643036366237656438396632366264316539346436376163306233613861656630396537666630
38633430343562316434353935363932616664616232653030383266666633343239346139626464
66383061613561316663653936643532356430336136363130393336326562333366356139316135
39623666323239373161306362316538353763333564636430383864653633306439326236373566
35346233613263616539373837646230383466343933336165336438643062303031653830363461
31303532336464663866346636333135366463313962376230633438363164386432373836373137
37653130333564633037306431303332346665626238336438613537633563666333306138653435
35656166346461623762646531616336376237623731386235636561376535356434653939356237
61626332353033396137663363656161653832646563636237383935373563623135363033343666
31396532643435363063653430333837336636313639383861623664613765326361356266646437
32306131306166643338316238336335646338393736376136393566623436373366383763303939
61363037656566356265393931356361386463666562396166333837373265363530646630316461
31313532303964616539326136646362343865353963626461636463303535313838613330343563
65336531333432346430323466363062616635373737323562656566383938373035383639653935
35626266366364653737303635333130613235636433303238356439346638663064316131623833
62373731613062646366336631333131626437653838623439353633336165363563646362623234
62643635376463363335383130363937333162613031626230633431396338633533646164346563
336130643963356565633735343436643137
